"Ilha_01"	"Ilha_02"	"Ilha_03"	"Ilha_04"
"1"	35.3458193979933	35.3061769616027	35.2272878535774	10000
"2"	34.1324414715719	34.0994991652755	34.0339434276206	10000
"3"	16.4923076923077	16.4794657762938	16.4539101497504	10000
"4"	47.9692307692308	47.9178631051753	47.8156405990017	10000
"5"	28.2276553106212	28.2138138138138	28.1862137862138	10000
"6"	13.4092184368737	13.4046046046046	13.3954045954046	10000
"7"	26.9846153846154	26.9589315525876	26.9078202995008	10000
"8"	13.4092184368737	13.4046046046046	13.3954045954046	10000
"9"	16.4923076923077	16.4794657762938	16.4539101497504	10000
"10"	47.9692307692308	47.9178631051753	47.8156405990017	10000
"11"	23.6401337792642	23.6200333889816	23.5800332778702	10000
"12"	35.3458193979933	35.3061769616027	35.2272878535774	10000
"13"	43.4693386773547	43.4346346346346	43.3654345654346	43.3309381237525
"14"	56.3304347826087	56.2651085141903	56.1351081530782	10000
"15"	18.4192384769539	18.4096096096096	18.3904095904096	10000
"16"	26.9846153846154	26.9589315525876	26.9078202995008	10000
"17"	18.6234113712375	18.6116861435726	18.5883527454243	10000
"18"	28.2276553106212	28.2138138138138	28.1862137862138	10000
"19"	27.4434782608696	27.4217028380634	27.3783693843594	10000
"20"	16.4923076923077	16.4794657762938	16.4539101497504	10000
"21"	13.4092184368737	13.4046046046046	13.3954045954046	13.3908183632735
"22"	37.4769230769231	37.4383973288815	37.3617304492513	10000
"23"	32.4602006688963	32.4300500834725	32.3700499168053	10000
"24"	23.6401337792642	23.6200333889816	23.5800332778702	10000
"25"	26.9846153846154	26.9589315525876	26.9078202995008	10000
"26"	13.4092184368737	13.4046046046046	13.3954045954046	10000
"27"	16.4923076923077	16.4794657762938	16.4539101497504	10000
"28"	30.4432865731463	30.4216216216216	30.3784215784216	30.3568862275449
"29"	18.4923076923077	18.4794657762938	18.4539101497504	10000
"30"	43.4693386773547	43.4346346346346	43.3654345654346	10000
"31"	26.9846153846154	26.9589315525876	26.9078202995008	10000
"32"	29.1157190635451	29.0911519198664	29.0422628951747	10000
"33"	23.6401337792642	23.6200333889816	23.5800332778702	10000
"34"	18.4192384769539	18.4096096096096	18.3904095904096	18.3808383233533
"35"	23.6401337792642	23.6200333889816	23.5800332778702	10000
"36"	23.6401337792642	23.6200333889816	23.5800332778702	10000
"37"	18.8144288577154	18.8072072072072	18.7928071928072	18.785628742515
"38"	18.4192384769539	18.4096096096096	18.3904095904096	18.3808383233533
"39"	20.8184368737475	20.8092092092092	20.7908091908092	20.7816367265469
"40"	20.8184368737475	20.8092092092092	20.7908091908092	10000
"41"	18.4192384769539	18.4096096096096	18.3904095904096	18.3808383233533
"42"	37.4769230769231	37.4383973288815	37.3617304492513	10000
"43"	18.4192384769539	18.4096096096096	18.3904095904096	10000
"44"	20.8184368737475	20.8092092092092	20.7908091908092	10000
"45"	25.8284569138277	25.8142142142142	25.7858141858142	25.7716566866267
"46"	43.4693386773547	43.4346346346346	43.3654345654346	43.3309381237525
"47"	13.4092184368737	13.4046046046046	13.3954045954046	13.3908183632735
"48"	30.8384769539078	30.8192192192192	30.7808191808192	10000
"49"	44.9204013377926	44.8601001669449	44.7400998336106	10000
"50"	16.4923076923077	16.4794657762938	16.4539101497504	10000
"51"	16.4923076923077	16.4794657762938	16.4539101497504	10000
"52"	35.3458193979933	35.3061769616027	35.2272878535774	10000
"53"	26.9846153846154	26.9589315525876	26.9078202995008	10000
"54"	28.2276553106212	28.2138138138138	28.1862137862138	28.1724550898204
"55"	24.2196392785571	24.2098098098098	24.1902097902098	24.1804391217565
"56"	18.8144288577154	18.8072072072072	18.7928071928072	10000
"57"	17.8124248496994	17.8062062062062	17.7938061938062	10000
"58"	18.8144288577154	18.8072072072072	18.7928071928072	10000
"59"	18.4192384769539	18.4096096096096	18.3904095904096	18.3808383233533
"60"	34.1324414715719	34.0994991652755	34.0339434276206	10000
"61"	21.9678929765886	21.9505843071786	21.9161397670549	10000
"62"	23.6401337792642	23.6200333889816	23.5800332778702	10000
"63"	23.6401337792642	23.6200333889816	23.5800332778702	10000
"64"	37.4769230769231	37.4383973288815	37.3617304492513	10000
"65"	18.4923076923077	18.4794657762938	18.4539101497504	10000
"66"	26.9846153846154	26.9589315525876	26.9078202995008	10000
"67"	35.636873747495		35.6184184184184	35.5816183816184	10000
"68"	43.4693386773547	43.4346346346346	43.3654345654346	43.3309381237525
"69"	35.3458193979933	35.3061769616027	35.2272878535774	10000
"70"	20.8184368737475	20.8092092092092	20.7908091908092	20.7816367265469
"71"	26.9846153846154	26.9589315525876	26.9078202995008	10000
"72"	24.8535117056856	24.8267111853088	24.773377703827		10000
"73"	34.1324414715719	34.0994991652755	34.0339434276206	10000
"74"	24.8535117056856	24.8267111853088	24.773377703827		10000
"75"	13.4092184368737	13.4046046046046	13.3954045954046	10000
"76"	43.4693386773547	43.4346346346346	43.3654345654346	43.3309381237525
"77"	18.4192384769539	18.4096096096096	18.3904095904096	10000
"78"	26.9846153846154	26.9589315525876	26.9078202995008	10000
"79"	37.4769230769231	37.4383973288815	37.3617304492513	10000
"80"	18.8144288577154	18.8072072072072	18.7928071928072	10000
"81"	18.8144288577154	18.8072072072072	18.7928071928072	18.785628742515
"82"	18.8144288577154	18.8072072072072	18.7928071928072	18.785628742515
"83"	18.4192384769539	18.4096096096096	18.3904095904096	10000
"84"	23.6401337792642	23.6200333889816	23.5800332778702	10000
"85"	24.8535117056856	24.8267111853088	24.773377703827		10000
"86"	26.9846153846154	26.9589315525876	26.9078202995008	10000
"87"	16.4923076923077	16.4794657762938	16.4539101497504	10000
"88"	43.4693386773547	43.4346346346346	43.3654345654346	43.3309381237525
"89"	20.8184368737475	20.8092092092092	20.7908091908092	10000
"90"	18.4192384769539	18.4096096096096	18.3904095904096	10000
"91"	13.4092184368737	13.4046046046046	13.3954045954046	10000
"92"	23.6401337792642	23.6200333889816	23.5800332778702	10000
"93"	43.4693386773547	43.4346346346346	43.3654345654346	43.3309381237525
"94"	21.9678929765886	21.9505843071786	21.9161397670549	10000
"95"	26.9846153846154	26.9589315525876	26.9078202995008	10000
"96"	26.9846153846154	26.9589315525876	26.9078202995008	10000
"97"	37.4769230769231	37.4383973288815	37.3617304492513	10000
"98"	18.4923076923077	18.4794657762938	18.4539101497504	10000
"99"	15.8084168336673	15.8042042042042	15.7958041958042	10000
"100"	43.4693386773547	43.4346346346346	43.3654345654346	10000
"101"	18.4923076923077	18.4794657762938	18.4539101497504	10000
"102"	18.8144288577154	18.8072072072072	18.7928071928072	10000
"103"	23.6401337792642	23.6200333889816	23.5800332778702	10000
"104"	26.9846153846154	26.9589315525876	26.9078202995008	10000
"105"	43.4693386773547	43.4346346346346	43.3654345654346	43.3309381237525
"106"	23.6401337792642	23.6200333889816	23.5800332778702	10000
"107"	16.4923076923077	16.4794657762938	16.4539101497504	10000
"108"	18.4192384769539	18.4096096096096	18.3904095904096	10000
"109"	16.4923076923077	16.4794657762938	16.4539101497504	10000
"110"	26.9846153846154	26.9589315525876	26.9078202995008	10000
"111"	20.8184368737475	20.8092092092092	20.7908091908092	20.7816367265469
"112"	16.4923076923077	16.4794657762938	16.4539101497504	10000
"113"	30.4432865731463	30.4216216216216	30.3784215784216	30.3568862275449
"114"	26.9846153846154	26.9589315525876	26.9078202995008	10000
"115"	37.4769230769231	37.4383973288815	37.3617304492513	10000
"116"	20.8184368737475	20.8092092092092	20.7908091908092	10000
"117"	47.9692307692308	47.9178631051753	47.8156405990017	10000
"118"	18.8144288577154	18.8072072072072	18.7928071928072	10000
"119"	21.9678929765886	21.9505843071786	21.9161397670549	10000
"120"	20.8184368737475	20.8092092092092	20.7908091908092	20.7816367265469
"121"	20.8184368737475	20.8092092092092	20.7908091908092	10000
"122"	20.8184368737475	20.8092092092092	20.7908091908092	10000
"123"	35.3458193979933	35.3061769616027	35.2272878535774	10000
"124"	43.4693386773547	43.4346346346346	43.3654345654346	43.3309381237525
"125"	26.8535117056856	26.8267111853088	26.773377703827		10000
"126"	25.8284569138277	25.8142142142142	25.7858141858142	25.7716566866267
"127"	20.8184368737475	20.8092092092092	20.7908091908092	10000
"128"	18.8144288577154	18.8072072072072	18.7928071928072	10000
"129"	18.8144288577154	18.8072072072072	18.7928071928072	10000
"130"	18.4192384769539	18.4096096096096	18.3904095904096	18.3808383233533
"131"	16.4923076923077	16.4794657762938	16.4539101497504	10000
"132"	51.7725752508361	51.7195325542571	51.6139767054908	10000
"133"	29.1157190635451	29.0911519198664	29.0422628951747	10000
"134"	16.4923076923077	16.4794657762938	16.4539101497504	10000
"135"	18.4923076923077	18.4794657762938	18.4539101497504	10000
"136"	18.8144288577154	18.8072072072072	18.7928071928072	10000
"137"	25.8284569138277	25.8142142142142	25.7858141858142	25.7716566866267
"138"	37.4769230769231	37.4383973288815	37.3617304492513	10000
"139"	18.8144288577154	18.8072072072072	18.7928071928072	10000
"140"	35.3458193979933	35.3061769616027	35.2272878535774	10000
"141"	18.8144288577154	18.8072072072072	18.7928071928072	18.785628742515
"142"	26.9846153846154	26.9589315525876	26.9078202995008	10000
"143"	26.9846153846154	26.9589315525876	26.9078202995008	10000
"144"	16.4923076923077	16.4794657762938	16.4539101497504	10000
"145"	16.4923076923077	16.4794657762938	16.4539101497504	10000
"146"	13.4092184368737	13.4046046046046	13.3954045954046	10000
"147"	18.6234113712375	18.6116861435726	18.5883527454243	10000
"148"	18.8144288577154	18.8072072072072	18.7928071928072	10000
"149"	39.6080267558528	39.5706176961603	39.4961730449251	10000
"150"	26.9846153846154	26.9589315525876	26.9078202995008	10000
"151"	16.4923076923077	16.4794657762938	16.4539101497504	10000
"152"	20.8184368737475	20.8092092092092	20.7908091908092	20.7816367265469
"153"	16.4923076923077	16.4794657762938	16.4539101497504	10000
"154"	26.9846153846154	26.9589315525876	26.9078202995008	10000
"155"	32.4602006688963	32.4300500834725	32.3700499168053	10000
"156"	26.9846153846154	26.9589315525876	26.9078202995008	10000
"157"	18.8144288577154	18.8072072072072	18.7928071928072	10000
"158"	18.8144288577154	18.8072072072072	18.7928071928072	10000
"159"	24.8535117056856	24.8267111853088	24.773377703827		10000
"160"	26.9846153846154	26.9589315525876	26.9078202995008	10000
"161"	35.3458193979933	35.3061769616027	35.2272878535774	10000
"162"	21.9678929765886	21.9505843071786	21.9161397670549	10000
"163"	16.4923076923077	16.4794657762938	16.4539101497504	10000
"164"	37.4769230769231	37.4383973288815	37.3617304492513	10000
"165"	18.8144288577154	18.8072072072072	18.7928071928072	18.785628742515
"166"	43.4693386773547	43.4346346346346	43.3654345654346	43.3309381237525
"167"	66.6595317725752	66.562938230384		66.3707154742096	10000
"168"	18.4923076923077	18.4794657762938	18.4539101497504	10000
"169"	26.8535117056856	26.8267111853088	26.773377703827		10000
"170"	20.8184368737475	20.8092092092092	20.7908091908092	20.7816367265469
"171"	20.8184368737475	20.8092092092092	20.7908091908092	20.7816367265469
"172"	20.8184368737475	20.8092092092092	20.7908091908092	20.7816367265469
"173"	18.8144288577154	18.8072072072072	18.7928071928072	18.785628742515
"174"	26.9846153846154	26.9589315525876	26.9078202995008	10000
"175"	20.8184368737475	20.8092092092092	20.7908091908092	10000
"176"	13.4092184368737	13.4046046046046	13.3954045954046	10000
"177"	39.6080267558528	39.5706176961603	39.4961730449251	10000
"178"	16.4923076923077	16.4794657762938	16.4539101497504	10000
"179"	13.4092184368737	13.4046046046046	13.3954045954046	10000
"180"	20.8184368737475	20.8092092092092	20.7908091908092	20.7816367265469
"181"	26.9846153846154	26.9589315525876	26.9078202995008	10000
"182"	37.4769230769231	37.4383973288815	37.3617304492513	10000
"183"	20.8184368737475	20.8092092092092	20.7908091908092	10000
"184"	28.2276553106212	28.2138138138138	28.1862137862138	10000
"185"	26.9846153846154	26.9589315525876	26.9078202995008	10000
"186"	18.4192384769539	18.4096096096096	18.3904095904096	18.3808383233533
"187"	28.2276553106212	28.2138138138138	28.1862137862138	10000
"188"	43.4693386773547	43.4346346346346	43.3654345654346	43.3309381237525
"189"	28.2276553106212	28.2138138138138	28.1862137862138	10000
"190"	18.4192384769539	18.4096096096096	18.3904095904096	10000
"191"	21.9678929765886	21.9505843071786	21.9161397670549	10000
"192"	18.8144288577154	18.8072072072072	18.7928071928072	10000
"193"	18.4923076923077	18.4794657762938	18.4539101497504	10000
"194"	26.9846153846154	26.9589315525876	26.9078202995008	10000
"195"	43.4693386773547	43.4346346346346	43.3654345654346	43.3309381237525
"196"	18.8144288577154	18.8072072072072	18.7928071928072	18.785628742515
"197"	23.6401337792642	23.6200333889816	23.5800332778702	10000
"198"	18.8144288577154	18.8072072072072	18.7928071928072	18.785628742515
"199"	13.4092184368737	13.4046046046046	13.3954045954046	10000
"200"	26.9846153846154	26.9589315525876	26.9078202995008	10000
